DATA:8454,2097,0,4650,0,0,0,0;
DATA:8418,2088,0,4650,0,0,0,0;
DATA:8371,2097,0,4650,0,0,0,0;
DATA:8454,2097,0,4650,0,0,0,0;
DATA:8454,2097,0,4650,0,0,0,0;
DATA:8454,2097,0,4650,0,0,0,0;
DATA:8454,2097,0,4650,0,0,0,0;
DATA:8454,2097,0,4650,0,0,0,0;
DATA:8454,2097,0,4650,0,0,0,0;
DATA:8454,2097,0,4650,0,0,0,0;
DATA:8454,2097,0,4650,0,0,0,0;
DATA:8454,2097,0,4650,0,0,0,0;
DATA:8454,2097,0,4650,0,0,0,0;
DATA:8454,2097,0,4650,0,0,0,0;
DATA:8454,2097,0,4650,0,0,0,0;
DATA:8454,2097,0,4650,0,0,0,0;
DATA:8454,2097,0,4650,0,0,0,0;
DATA:8454,2097,0,4650,0,0,0,0;
DATA:8454,2097,0,4650,0,0,0,0;
DATA:8454,2097,0,4650,0,0,0,0;
DATA:8454,2097,0,4650,0,0,0,0;
DATA:8454,2097,0,4650,0,0,0,0;
DATA:8454,2097,0,4650,0,0,0,0;
DATA:8454,2097,0,4650,0,0,0,0;
DATA:8454,2097,0,4650,0,0,0,0;
DATA:8454,2097,0,4650,0,0,0,0;
DATA:8454,2097,0,4650,0,0,0,0;
DATA:8454,2097,0,273,0,0,0,0;
DATA:8454,2097,0,218,0,0,0,0;
DATA:8454,2097,0,0,0,0,0,0;
DATA:8454,2097,0,164,0,0,0,0;
DATA:8454,2097,0,218,0,0,0,0;
DATA:8454,2097,0,255,0,0,0,0;
DATA:8454,2106,0,291,0,0,0,0;
DATA:8454,2097,0,510,0,0,0,0;
DATA:8454,2097,0,2461,0,0,0,0;
DATA:8454,2097,0,4650,0,0,0,0;
DATA:8454,2097,0,4650,0,0,0,0;
DATA:8454,2097,72,4650,0,0,0,0;
DATA:8454,2097,1659,4650,0,0,0,0;
DATA:8454,2097,4504,4650,0,0,0,0;
DATA:8454,2097,4650,4650,0,0,0,0;
DATA:8454,2097,4650,4650,0,0,0,0;
DATA:8454,2097,4650,4650,0,0,0,0;
DATA:8454,2097,4650,4650,0,0,0,0;
DATA:8454,2097,3337,4650,0,0,0,0;
DATA:8454,2097,1312,4650,0,0,0,0;
DATA:8454,2170,36,4650,0,0,0,0;
DATA:8454,2170,0,4650,0,0,0,0;
DATA:8454,2170,18,4650,0,0,0,0;
DATA:8454,2170,1659,4650,0,0,0,0;
DATA:8454,1513,1634,4650,0,0,0,0;
DATA:8454,419,1652,4650,0,0,0,0;
DATA:8454,911,1641,4650,0,0,0,0;
DATA:8454,1622,1641,4650,0,0,0,0;
DATA:8454,3264,1641,4650,0,0,0,0;
DATA:8454,3738,1659,4650,0,0,0,0;
DATA:8454,4650,1677,4650,0,0,0,0;
DATA:8454,4650,1677,4650,0,0,0,0;
DATA:8371,4650,1677,4650,0,0,0,0;
DATA:8371,4650,1677,4650,0,0,0,0;
DATA:8454,4650,1677,4650,0,0,0,0;
